4194808010a40
8014010822009004
1084014e02080000
8204040080000044
3104000000820
48420290a4040005
300620804400101
c01008082a84088
8001012100420a0
40a01102021840
8814901421405020
104080489100000
8980011040042000
1410402401000
100821202200410
810010082500200
410122004010808
120001002260450
4004000204220202
4048200404081040
1010103202104800
c042200200900800
4488402021040
120180c0420850
2004310084200821
b40200107a2800
4008040948194090
4241044004040080
1001009004020
108098004b00400
4040001008a02
10408420420809
1010029000206500
8025002082d00
400104411080800
220280480080
20048400208021
48e2040100803004
9208014402004200
1020180202c01
9101116010246000
1102260202402000
2900084402201000
8082804202200804
100102010400200
140080189030060
20048280800210
30140081200090
1d08480208a00000
808100a801080028
201190401040044
2000504c84041000
40000a0c2c41008
4001892008408004
c0080144008030
110110210820016
400440480901088
8a08080886000
400040080680800
20000060420200
40410060210
210012038100324
9002403204050600
8110100500409200