20400
50800
a1100
142200
284400
508800
a01000
402000
2040004
5080008
a11001114220022
28440044
50880088
a0100010
40200020
204000402
508000805
a1100110a
1422002214
2844004428
5088008850
a0100010a04020002040
20400040200
50800080500
a1100110a00
142200221400
284400442800
508800885000
a0100010a000
402000204000
20400040200005080008050000
a1100110a0000
14220022140000
28440044280000
50880088500000
a0100010a00000
40200020400000
204000402000000
508000805000000a1100110a000000
1422002214000000
2844004428000000
5088008850000000
a0100010a0000000
4020002040000000
400040200000000
8000805000000001100110a00000000
2200221400000000
4400442800000000
8800885000000000
100010a000000000
2000204000000000
4020000000000
8050000000000110a0000000000
22140000000000
44280000000000
88500000000000
10a00000000000
20400000000000